[output]
outfile = OJ287_precession.dat
ftfile = cbwaves.ft
outvars = t,x1,y1,z1,x2,y2,z2,r,ecc_r,orbits,E_tot,vx,vy,vz,v2,orbfreq

[input]
m1 = 27093116233920.0
m2 = 2709311623392.0
tmax = 3029582352.384
orbitsmax = 10
T = 41483613.83806055
f = 2.4105903692568753e-08
dt = 10000
epsilon = 0.657
rmin = 89407283571936.0
rmax = 1.4901213928656e+16
r = 488759816859916.75
D = 5.081765667059927e+25
iota = 0.0
phi = 0.0
theta = 0.0
varphi = 0.0
psi = 0.0
s1x = 0
s1y = 0
s1z = 0
s2x = 0
s2y = 0
s2z = 0
hterms = 'Q'
corrs = 'PN','2PN','3PN','4PN'
eccapprox = no
checkpoint = no
description = OJ287 perihelion precession analysis - pure 1PN effect (no radiation, no spin)
printstep = 1
printorbit = 0
loglevel = 6
adaptive = no
adaptive_step = 1000
alpha = 4
beta = 5
delta1 = -4.840023612750885
delta2 = 3.347107438016529
delta3 = 39.40653286107832
delta4 = 2.293388429752066
delta5 = -42.387249114521836
delta6 = 2.240554899645809

