[output]
outfile = OJ287_precession.dat
ftfile = cbwaves.ft
outvars = t,x1,y1,z1,x2,y2,z2,r,ecc_r,orbits,E_tot,vx,vy,vz,v2,orbfreq

[input]
m1 = 561117515199999.94
m2 = 2953250080000.0
tmax = 1577907475.2
orbitsmax = 10
T = 1165245464.608894
f = 5.281256007914585e-09
dt = 10000
epsilon = 0.657
rmin = 1692212295840000.0
rmax = 2.8203538264e+17
r = 1.2036032943207194e+16
D = 5.081765667059927e+25
iota = 0.0
phi = 0.0
theta = 0.0
varphi = 0.0
psi = 0.0
s1x = 0
s1y = 0
s1z = 0
s2x = 0
s2y = 0
s2z = 0
hterms = 'Q'
corrs = 'PN','2PN','3PN','4PN'
eccapprox = no
checkpoint = no
description = OJ287 perihelion precession analysis - pure 1PN effect (no radiation, no spin)
printstep = 1
printorbit = 0
loglevel = 6
adaptive = no
adaptive_step = 1000
alpha = 4
beta = 5
delta1 = -6.930807426174877
delta2 = 4.895836188700968
delta3 = 39.15947375085009
delta4 = 2.486979523587621
delta5 = -41.75669526602889
delta6 = 1.8478415378651118

